run/axisymmetricCrater/constant/DEM/ubehebe_transect_local_10m.asc
ncols        1793
nrows        100
xllcorner    -8950.0
yllcorner    -500.0
cellsize     10.0
NODATA_value -9999.0
[rows 0 to 32 of 100, columns 888 to 961 of 1793]
623.624 622.298 621.085 620.74 620.044 619.639 618.876 618.449 618.281 618.246 618.351 618.358 618.219 618.395 618.676 619.761 620.839 624.063 628.659 635 641.279 647.138 652.506 657.479 660.51 662.807 665.343 667.697 669.805 671.691 673.859 676.99 680.772 684.68 688.927 694.224 700.137 706.129 712.015 717.997 723.998 730.018 735.85 741.473 744.8 746.257 746.712 746.273 745.403 744.308 742.95 741.533 739.991 738.484 737.139 735.955 734.926 734.201 733.654 732.946 731.937 730.592 729.209 728.076 727.379 726.816 726.766 727.465 727.906 728.388 728.816 728.819 728.383 727.88
623.624 622.298 621.085 620.74 620.044 619.639 618.876 618.449 618.281 618.246 618.351 618.358 618.219 618.395 618.676 619.761 620.839 624.063 628.659 635 641.279 647.138 652.506 657.479 660.51 662.807 665.343 667.697 669.805 671.691 673.859 676.99 680.772 684.68 688.927 694.224 700.137 706.129 712.015 717.997 723.998 730.018 735.85 741.473 744.8 746.257 746.712 746.273 745.403 744.308 742.95 741.533 739.991 738.484 737.139 735.955 734.926 734.201 733.654 732.946 731.937 730.592 729.209 728.076 727.379 726.816 726.766 727.465 727.906 728.388 728.816 728.819 728.383 727.88
623.624 622.298 621.085 620.74 620.044 619.639 618.876 618.449 618.281 618.246 618.351 618.358 618.219 618.395 618.676 619.761 620.839 624.063 628.659 635 641.279 647.138 652.506 657.479 660.51 662.807 665.343 667.697 669.805 671.691 673.859 676.99 680.772 684.68 688.927 694.224 700.137 706.129 712.015 717.997 723.998 730.018 735.85 741.473 744.8 746.257 746.712 746.273 745.403 744.308 742.95 741.533 739.991 738.484 737.139 735.955 734.926 734.201 733.654 732.946 731.937 730.592 729.209 728.076 727.379 726.816 726.766 727.465 727.906 728.388 728.816 728.819 728.383 727.88
623.624 622.298 621.085 620.74 620.044 619.639 618.876 618.449 618.281 618.246 618.351 618.358 618.219 618.395 618.676 619.761 620.839 624.063 628.659 635 641.279 647.138 652.506 657.479 660.51 662.807 665.343 667.697 669.805 671.691 673.859 676.99 680.772 684.68 688.927 694.224 700.137 706.129 712.015 717.997 723.998 730.018 735.85 741.473 744.8 746.257 746.712 746.273 745.403 744.308 742.95 741.533 739.991 738.484 737.139 735.955 734.926 734.201 733.654 732.946 731.937 730.592 729.209 728.076 727.379 726.816 726.766 727.465 727.906 728.388 728.816 728.819 728.383 727.88
623.624 622.298 621.085 620.74 620.044 619.639 618.876 618.449 618.281 618.246 618.351 618.358 618.219 618.395 618.676 619.761 620.839 624.063 628.659 635 641.279 647.138 652.506 657.479 660.51 662.807 665.343 667.697 669.805 671.691 673.859 676.99 680.772 684.68 688.927 694.224 700.137 706.129 712.015 717.997 723.998 730.018 735.85 741.473 744.8 746.257 746.712 746.273 745.403 744.308 742.95 741.533 739.991 738.484 737.139 735.955 734.926 734.201 733.654 732.946 731.937 730.592 729.209 728.076 727.379 726.816 726.766 727.465 727.906 728.388 728.816 728.819 728.383 727.88
623.624 622.298 621.085 620.74 620.044 619.639 618.876 618.449 618.281 618.246 618.351 618.358 618.219 618.395 618.676 619.761 620.839 624.063 628.659 635 641.279 647.138 652.506 657.479 660.51 662.807 665.343 667.697 669.805 671.691 673.859 676.99 680.772 684.68 688.927 694.224 700.137 706.129 712.015 717.997 723.998 730.018 735.85 741.473 744.8 746.257 746.712 746.273 745.403 744.308 742.95 741.533 739.991 738.484 737.139 735.955 734.926 734.201 733.654 732.946 731.937 730.592 729.209 728.076 727.379 726.816 726.766 727.465 727.906 728.388 728.816 728.819 728.383 727.88
623.624 622.298 621.085 620.74 620.044 619.639 618.876 618.449 618.281 618.246 618.351 618.358 618.219 618.395 618.676 619.761 620.839 624.063 628.659 635 641.279 647.138 652.506 657.479 660.51 662.807 665.343 667.697 669.805 671.691 673.859 676.99 680.772 684.68 688.927 694.224 700.137 706.129 712.015 717.997 723.998 730.018 735.85 741.473 744.8 746.257 746.712 746.273 745.403 744.308 742.95 741.533 739.991 738.484 737.139 735.955 734.926 734.201 733.654 732.946 731.937 730.592 729.209 728.076 727.379 726.816 726.766 727.465 727.906 728.388 728.816 728.819 728.383 727.88
623.624 622.298 621.085 620.74 620.044 619.639 618.876 618.449 618.281 618.246 618.351 618.358 618.219 618.395 618.676 619.761 620.839 624.063 628.659 635 641.279 647.138 652.506 657.479 660.51 662.807 665.343 667.697 669.805 671.691 673.859 676.99 680.772 684.68 688.927 694.224 700.137 706.129 712.015 717.997 723.998 730.018 735.85 741.473 744.8 746.257 746.712 746.273 745.403 744.308 742.95 741.533 739.991 738.484 737.139 735.955 734.926 734.201 733.654 732.946 731.937 730.592 729.209 728.076 727.379 726.816 726.766 727.465 727.906 728.388 728.816 728.819 728.383 727.88
623.624 622.298 621.085 620.74 620.044 619.639 618.876 618.449 618.281 618.246 618.351 618.358 618.219 618.395 618.676 619.761 620.839 624.063 628.659 635 641.279 647.138 652.506 657.479 660.51 662.807 665.343 667.697 669.805 671.691 673.859 676.99 680.772 684.68 688.927 694.224 700.137 706.129 712.015 717.997 723.998 730.018 735.85 741.473 744.8 746.257 746.712 746.273 745.403 744.308 742.95 741.533 739.991 738.484 737.139 735.955 734.926 734.201 733.654 732.946 731.937 730.592 729.209 728.076 727.379 726.816 726.766 727.465 727.906 728.388 728.816 728.819 728.383 727.88
623.624 622.298 621.085 620.74 620.044 619.639 618.876 618.449 618.281 618.246 618.351 618.358 618.219 618.395 618.676 619.761 620.839 624.063 628.659 635 641.279 647.138 652.506 657.479 660.51 662.807 665.343 667.697 669.805 671.691 673.859 676.99 680.772 684.68 688.927 694.224 700.137 706.129 712.015 717.997 723.998 730.018 735.85 741.473 744.8 746.257 746.712 746.273 745.403 744.308 742.95 741.533 739.991 738.484 737.139 735.955 734.926 734.201 733.654 732.946 731.937 730.592 729.209 728.076 727.379 726.816 726.766 727.465 727.906 728.388 728.816 728.819 728.383 727.88
623.624 622.298 621.085 620.74 620.044 619.639 618.876 618.449 618.281 618.246 618.351 618.358 618.219 618.395 618.676 619.761 620.839 624.063 628.659 635 641.279 647.138 652.506 657.479 660.51 662.807 665.343 667.697 669.805 671.691 673.859 676.99 680.772 684.68 688.927 694.224 700.137 706.129 712.015 717.997 723.998 730.018 735.85 741.473 744.8 746.257 746.712 746.273 745.403 744.308 742.95 741.533 739.991 738.484 737.139 735.955 734.926 734.201 733.654 732.946 731.937 730.592 729.209 728.076 727.379 726.816 726.766 727.465 727.906 728.388 728.816 728.819 728.383 727.88
623.624 622.298 621.085 620.74 620.044 619.639 618.876 618.449 618.281 618.246 618.351 618.358 618.219 618.395 618.676 619.761 620.839 624.063 628.659 635 641.279 647.138 652.506 657.479 660.51 662.807 665.343 667.697 669.805 671.691 673.859 676.99 680.772 684.68 688.927 694.224 700.137 706.129 712.015 717.997 723.998 730.018 735.85 741.473 744.8 746.257 746.712 746.273 745.403 744.308 742.95 741.533 739.991 738.484 737.139 735.955 734.926 734.201 733.654 732.946 731.937 730.592 729.209 728.076 727.379 726.816 726.766 727.465 727.906 728.388 728.816 728.819 728.383 727.88
623.624 622.298 621.085 620.74 620.044 619.639 618.876 618.449 618.281 618.246 618.351 618.358 618.219 618.395 618.676 619.761 620.839 624.063 628.659 635 641.279 647.138 652.506 657.479 660.51 662.807 665.343 667.697 669.805 671.691 673.859 676.99 680.772 684.68 688.927 694.224 700.137 706.129 712.015 717.997 723.998 730.018 735.85 741.473 744.8 746.257 746.712 746.273 745.403 744.308 742.95 741.533 739.991 738.484 737.139 735.955 734.926 734.201 733.654 732.946 731.937 730.592 729.209 728.076 727.379 726.816 726.766 727.465 727.906 728.388 728.816 728.819 728.383 727.88
623.624 622.298 621.085 620.74 620.044 619.639 618.876 618.449 618.281 618.246 618.351 618.358 618.219 618.395 618.676 619.761 620.839 624.063 628.659 635 641.279 647.138 652.506 657.479 660.51 662.807 665.343 667.697 669.805 671.691 673.859 676.99 680.772 684.68 688.927 694.224 700.137 706.129 712.015 717.997 723.998 730.018 735.85 741.473 744.8 746.257 746.712 746.273 745.403 744.308 742.95 741.533 739.991 738.484 737.139 735.955 734.926 734.201 733.654 732.946 731.937 730.592 729.209 728.076 727.379 726.816 726.766 727.465 727.906 728.388 728.816 728.819 728.383 727.88
623.624 622.298 621.085 620.74 620.044 619.639 618.876 618.449 618.281 618.246 618.351 618.358 618.219 618.395 618.676 619.761 620.839 624.063 628.659 635 641.279 647.138 652.506 657.479 660.51 662.807 665.343 667.697 669.805 671.691 673.859 676.99 680.772 684.68 688.927 694.224 700.137 706.129 712.015 717.997 723.998 730.018 735.85 741.473 744.8 746.257 746.712 746.273 745.403 744.308 742.95 741.533 739.991 738.484 737.139 735.955 734.926 734.201 733.654 732.946 731.937 730.592 729.209 728.076 727.379 726.816 726.766 727.465 727.906 728.388 728.816 728.819 728.383 727.88
623.624 622.298 621.085 620.74 620.044 619.639 618.876 618.449 618.281 618.246 618.351 618.358 618.219 618.395 618.676 619.761 620.839 624.063 628.659 635 641.279 647.138 652.506 657.479 660.51 662.807 665.343 667.697 669.805 671.691 673.859 676.99 680.772 684.68 688.927 694.224 700.137 706.129 712.015 717.997 723.998 730.018 735.85 741.473 744.8 746.257 746.712 746.273 745.403 744.308 742.95 741.533 739.991 738.484 737.139 735.955 734.926 734.201 733.654 732.946 731.937 730.592 729.209 728.076 727.379 726.816 726.766 727.465 727.906 728.388 728.816 728.819 728.383 727.88
623.624 622.298 621.085 620.74 620.044 619.639 618.876 618.449 618.281 618.246 618.351 618.358 618.219 618.395 618.676 619.761 620.839 624.063 628.659 635 641.279 647.138 652.506 657.479 660.51 662.807 665.343 667.697 669.805 671.691 673.859 676.99 680.772 684.68 688.927 694.224 700.137 706.129 712.015 717.997 723.998 730.018 735.85 741.473 744.8 746.257 746.712 746.273 745.403 744.308 742.95 741.533 739.991 738.484 737.139 735.955 734.926 734.201 733.654 732.946 731.937 730.592 729.209 728.076 727.379 726.816 726.766 727.465 727.906 728.388 728.816 728.819 728.383 727.88
623.624 622.298 621.085 620.74 620.044 619.639 618.876 618.449 618.281 618.246 618.351 618.358 618.219 618.395 618.676 619.761 620.839 624.063 628.659 635 641.279 647.138 652.506 657.479 660.51 662.807 665.343 667.697 669.805 671.691 673.859 676.99 680.772 684.68 688.927 694.224 700.137 706.129 712.015 717.997 723.998 730.018 735.85 741.473 744.8 746.257 746.712 746.273 745.403 744.308 742.95 741.533 739.991 738.484 737.139 735.955 734.926 734.201 733.654 732.946 731.937 730.592 729.209 728.076 727.379 726.816 726.766 727.465 727.906 728.388 728.816 728.819 728.383 727.88
623.624 622.298 621.085 620.74 620.044 619.639 618.876 618.449 618.281 618.246 618.351 618.358 618.219 618.395 618.676 619.761 620.839 624.063 628.659 635 641.279 647.138 652.506 657.479 660.51 662.807 665.343 667.697 669.805 671.691 673.859 676.99 680.772 684.68 688.927 694.224 700.137 706.129 712.015 717.997 723.998 730.018 735.85 741.473 744.8 746.257 746.712 746.273 745.403 744.308 742.95 741.533 739.991 738.484 737.139 735.955 734.926 734.201 733.654 732.946 731.937 730.592 729.209 728.076 727.379 726.816 726.766 727.465 727.906 728.388 728.816 728.819 728.383 727.88
623.624 622.298 621.085 620.74 620.044 619.639 618.876 618.449 618.281 618.246 618.351 618.358 618.219 618.395 618.676 619.761 620.839 624.063 628.659 635 641.279 647.138 652.506 657.479 660.51 662.807 665.343 667.697 669.805 671.691 673.859 676.99 680.772 684.68 688.927 694.224 700.137 706.129 712.015 717.997 723.998 730.018 735.85 741.473 744.8 746.257 746.712 746.273 745.403 744.308 742.95 741.533 739.991 738.484 737.139 735.955 734.926 734.201 733.654 732.946 731.937 730.592 729.209 728.076 727.379 726.816 726.766 727.465 727.906 728.388 728.816 728.819 728.383 727.88
623.624 622.298 621.085 620.74 620.044 619.639 618.876 618.449 618.281 618.246 618.351 618.358 618.219 618.395 618.676 619.761 620.839 624.063 628.659 635 641.279 647.138 652.506 657.479 660.51 662.807 665.343 667.697 669.805 671.691 673.859 676.99 680.772 684.68 688.927 694.224 700.137 706.129 712.015 717.997 723.998 730.018 735.85 741.473 744.8 746.257 746.712 746.273 745.403 744.308 742.95 741.533 739.991 738.484 737.139 735.955 734.926 734.201 733.654 732.946 731.937 730.592 729.209 728.076 727.379 726.816 726.766 727.465 727.906 728.388 728.816 728.819 728.383 727.88
623.624 622.298 621.085 620.74 620.044 619.639 618.876 618.449 618.281 618.246 618.351 618.358 618.219 618.395 618.676 619.761 620.839 624.063 628.659 635 641.279 647.138 652.506 657.479 660.51 662.807 665.343 667.697 669.805 671.691 673.859 676.99 680.772 684.68 688.927 694.224 700.137 706.129 712.015 717.997 723.998 730.018 735.85 741.473 744.8 746.257 746.712 746.273 745.403 744.308 742.95 741.533 739.991 738.484 737.139 735.955 734.926 734.201 733.654 732.946 731.937 730.592 729.209 728.076 727.379 726.816 726.766 727.465 727.906 728.388 728.816 728.819 728.383 727.88
623.624 622.298 621.085 620.74 620.044 619.639 618.876 618.449 618.281 618.246 618.351 618.358 618.219 618.395 618.676 619.761 620.839 624.063 628.659 635 641.279 647.138 652.506 657.479 660.51 662.807 665.343 667.697 669.805 671.691 673.859 676.99 680.772 684.68 688.927 694.224 700.137 706.129 712.015 717.997 723.998 730.018 735.85 741.473 744.8 746.257 746.712 746.273 745.403 744.308 742.95 741.533 739.991 738.484 737.139 735.955 734.926 734.201 733.654 732.946 731.937 730.592 729.209 728.076 727.379 726.816 726.766 727.465 727.906 728.388 728.816 728.819 728.383 727.88
623.624 622.298 621.085 620.74 620.044 619.639 618.876 618.449 618.281 618.246 618.351 618.358 618.219 618.395 618.676 619.761 620.839 624.063 628.659 635 641.279 647.138 652.506 657.479 660.51 662.807 665.343 667.697 669.805 671.691 673.859 676.99 680.772 684.68 688.927 694.224 700.137 706.129 712.015 717.997 723.998 730.018 735.85 741.473 744.8 746.257 746.712 746.273 745.403 744.308 742.95 741.533 739.991 738.484 737.139 735.955 734.926 734.201 733.654 732.946 731.937 730.592 729.209 728.076 727.379 726.816 726.766 727.465 727.906 728.388 728.816 728.819 728.383 727.88
623.624 622.298 621.085 620.74 620.044 619.639 618.876 618.449 618.281 618.246 618.351 618.358 618.219 618.395 618.676 619.761 620.839 624.063 628.659 635 641.279 647.138 652.506 657.479 660.51 662.807 665.343 667.697 669.805 671.691 673.859 676.99 680.772 684.68 688.927 694.224 700.137 706.129 712.015 717.997 723.998 730.018 735.85 741.473 744.8 746.257 746.712 746.273 745.403 744.308 742.95 741.533 739.991 738.484 737.139 735.955 734.926 734.201 733.654 732.946 731.937 730.592 729.209 728.076 727.379 726.816 726.766 727.465 727.906 728.388 728.816 728.819 728.383 727.88
623.624 622.298 621.085 620.74 620.044 619.639 618.876 618.449 618.281 618.246 618.351 618.358 618.219 618.395 618.676 619.761 620.839 624.063 628.659 635 641.279 647.138 652.506 657.479 660.51 662.807 665.343 667.697 669.805 671.691 673.859 676.99 680.772 684.68 688.927 694.224 700.137 706.129 712.015 717.997 723.998 730.018 735.85 741.473 744.8 746.257 746.712 746.273 745.403 744.308 742.95 741.533 739.991 738.484 737.139 735.955 734.926 734.201 733.654 732.946 731.937 730.592 729.209 728.076 727.379 726.816 726.766 727.465 727.906 728.388 728.816 728.819 728.383 727.88
623.624 622.298 621.085 620.74 620.044 619.639 618.876 618.449 618.281 618.246 618.351 618.358 618.219 618.395 618.676 619.761 620.839 624.063 628.659 635 641.279 647.138 652.506 657.479 660.51 662.807 665.343 667.697 669.805 671.691 673.859 676.99 680.772 684.68 688.927 694.224 700.137 706.129 712.015 717.997 723.998 730.018 735.85 741.473 744.8 746.257 746.712 746.273 745.403 744.308 742.95 741.533 739.991 738.484 737.139 735.955 734.926 734.201 733.654 732.946 731.937 730.592 729.209 728.076 727.379 726.816 726.766 727.465 727.906 728.388 728.816 728.819 728.383 727.88
623.624 622.298 621.085 620.74 620.044 619.639 618.876 618.449 618.281 618.246 618.351 618.358 618.219 618.395 618.676 619.761 620.839 624.063 628.659 635 641.279 647.138 652.506 657.479 660.51 662.807 665.343 667.697 669.805 671.691 673.859 676.99 680.772 684.68 688.927 694.224 700.137 706.129 712.015 717.997 723.998 730.018 735.85 741.473 744.8 746.257 746.712 746.273 745.403 744.308 742.95 741.533 739.991 738.484 737.139 735.955 734.926 734.201 733.654 732.946 731.937 730.592 729.209 728.076 727.379 726.816 726.766 727.465 727.906 728.388 728.816 728.819 728.383 727.88
623.624 622.298 621.085 620.74 620.044 619.639 618.876 618.449 618.281 618.246 618.351 618.358 618.219 618.395 618.676 619.761 620.839 624.063 628.659 635 641.279 647.138 652.506 657.479 660.51 662.807 665.343 667.697 669.805 671.691 673.859 676.99 680.772 684.68 688.927 694.224 700.137 706.129 712.015 717.997 723.998 730.018 735.85 741.473 744.8 746.257 746.712 746.273 745.403 744.308 742.95 741.533 739.991 738.484 737.139 735.955 734.926 734.201 733.654 732.946 731.937 730.592 729.209 728.076 727.379 726.816 726.766 727.465 727.906 728.388 728.816 728.819 728.383 727.88
623.624 622.298 621.085 620.74 620.044 619.639 618.876 618.449 618.281 618.246 618.351 618.358 618.219 618.395 618.676 619.761 620.839 624.063 628.659 635 641.279 647.138 652.506 657.479 660.51 662.807 665.343 667.697 669.805 671.691 673.859 676.99 680.772 684.68 688.927 694.224 700.137 706.129 712.015 717.997 723.998 730.018 735.85 741.473 744.8 746.257 746.712 746.273 745.403 744.308 742.95 741.533 739.991 738.484 737.139 735.955 734.926 734.201 733.654 732.946 731.937 730.592 729.209 728.076 727.379 726.816 726.766 727.465 727.906 728.388 728.816 728.819 728.383 727.88
623.624 622.298 621.085 620.74 620.044 619.639 618.876 618.449 618.281 618.246 618.351 618.358 618.219 618.395 618.676 619.761 620.839 624.063 628.659 635 641.279 647.138 652.506 657.479 660.51 662.807 665.343 667.697 669.805 671.691 673.859 676.99 680.772 684.68 688.927 694.224 700.137 706.129 712.015 717.997 723.998 730.018 735.85 741.473 744.8 746.257 746.712 746.273 745.403 744.308 742.95 741.533 739.991 738.484 737.139 735.955 734.926 734.201 733.654 732.946 731.937 730.592 729.209 728.076 727.379 726.816 726.766 727.465 727.906 728.388 728.816 728.819 728.383 727.88
623.624 622.298 621.085 620.74 620.044 619.639 618.876 618.449 618.281 618.246 618.351 618.358 618.219 618.395 618.676 619.761 620.839 624.063 628.659 635 641.279 647.138 652.506 657.479 660.51 662.807 665.343 667.697 669.805 671.691 673.859 676.99 680.772 684.68 688.927 694.224 700.137 706.129 712.015 717.997 723.998 730.018 735.85 741.473 744.8 746.257 746.712 746.273 745.403 744.308 742.95 741.533 739.991 738.484 737.139 735.955 734.926 734.201 733.654 732.946 731.937 730.592 729.209 728.076 727.379 726.816 726.766 727.465 727.906 728.388 728.816 728.819 728.383 727.88
623.624 622.298 621.085 620.74 620.044 619.639 618.876 618.449 618.281 618.246 618.351 618.358 618.219 618.395 618.676 619.761 620.839 624.063 628.659 635 641.279 647.138 652.506 657.479 660.51 662.807 665.343 667.697 669.805 671.691 673.859 676.99 680.772 684.68 688.927 694.224 700.137 706.129 712.015 717.997 723.998 730.018 735.85 741.473 744.8 746.257 746.712 746.273 745.403 744.308 742.95 741.533 739.991 738.484 737.139 735.955 734.926 734.201 733.654 732.946 731.937 730.592 729.209 728.076 727.379 726.816 726.766 727.465 727.906 728.388 728.816 728.819 728.383 727.88
