run/axisymmetricCrater/constant/DEM/ubehebe_transect_local_10m.asc
ncols        1793
nrows        100
xllcorner    -8950.0
yllcorner    -500.0
cellsize     10.0
NODATA_value -9999.0
[rows 33 to 65 of 100, columns 814 to 887 of 1793]
846.904 845.835 844.277 842.755 841.532 840.409 838.891 838.443 837.72 836.996 835.889 828.094 823.584 834.259 834.568 835.878 837.415 838.424 838.231 836.659 835.336 836.421 838.434 839.185 838.411 837.087 836.863 837.711 838.41 838.391 838.306 838.55 839.313 840.417 841.376 841.858 841.719 840.602 836.749 831.286 826.592 825.12 817.139 810.544 805.737 799.195 792.858 787.397 780.696 769.847 762.53 753.854 744.893 737.12 729.308 721.98 714.252 707.223 698.117 688.495 680.843 673.96 667.001 660.915 656.314 652.898 648.63 644.368 642.868 639.141 634.738 631.363 628.699 625.595
846.904 845.835 844.277 842.755 841.532 840.409 838.891 838.443 837.72 836.996 835.889 828.094 823.584 834.259 834.568 835.878 837.415 838.424 838.231 836.659 835.336 836.421 838.434 839.185 838.411 837.087 836.863 837.711 838.41 838.391 838.306 838.55 839.313 840.417 841.376 841.858 841.719 840.602 836.749 831.286 826.592 825.12 817.139 810.544 805.737 799.195 792.858 787.397 780.696 769.847 762.53 753.854 744.893 737.12 729.308 721.98 714.252 707.223 698.117 688.495 680.843 673.96 667.001 660.915 656.314 652.898 648.63 644.368 642.868 639.141 634.738 631.363 628.699 625.595
846.904 845.835 844.277 842.755 841.532 840.409 838.891 838.443 837.72 836.996 835.889 828.094 823.584 834.259 834.568 835.878 837.415 838.424 838.231 836.659 835.336 836.421 838.434 839.185 838.411 837.087 836.863 837.711 838.41 838.391 838.306 838.55 839.313 840.417 841.376 841.858 841.719 840.602 836.749 831.286 826.592 825.12 817.139 810.544 805.737 799.195 792.858 787.397 780.696 769.847 762.53 753.854 744.893 737.12 729.308 721.98 714.252 707.223 698.117 688.495 680.843 673.96 667.001 660.915 656.314 652.898 648.63 644.368 642.868 639.141 634.738 631.363 628.699 625.595
846.904 845.835 844.277 842.755 841.532 840.409 838.891 838.443 837.72 836.996 835.889 828.094 823.584 834.259 834.568 835.878 837.415 838.424 838.231 836.659 835.336 836.421 838.434 839.185 838.411 837.087 836.863 837.711 838.41 838.391 838.306 838.55 839.313 840.417 841.376 841.858 841.719 840.602 836.749 831.286 826.592 825.12 817.139 810.544 805.737 799.195 792.858 787.397 780.696 769.847 762.53 753.854 744.893 737.12 729.308 721.98 714.252 707.223 698.117 688.495 680.843 673.96 667.001 660.915 656.314 652.898 648.63 644.368 642.868 639.141 634.738 631.363 628.699 625.595
846.904 845.835 844.277 842.755 841.532 840.409 838.891 838.443 837.72 836.996 835.889 828.094 823.584 834.259 834.568 835.878 837.415 838.424 838.231 836.659 835.336 836.421 838.434 839.185 838.411 837.087 836.863 837.711 838.41 838.391 838.306 838.55 839.313 840.417 841.376 841.858 841.719 840.602 836.749 831.286 826.592 825.12 817.139 810.544 805.737 799.195 792.858 787.397 780.696 769.847 762.53 753.854 744.893 737.12 729.308 721.98 714.252 707.223 698.117 688.495 680.843 673.96 667.001 660.915 656.314 652.898 648.63 644.368 642.868 639.141 634.738 631.363 628.699 625.595
846.904 845.835 844.277 842.755 841.532 840.409 838.891 838.443 837.72 836.996 835.889 828.094 823.584 834.259 834.568 835.878 837.415 838.424 838.231 836.659 835.336 836.421 838.434 839.185 838.411 837.087 836.863 837.711 838.41 838.391 838.306 838.55 839.313 840.417 841.376 841.858 841.719 840.602 836.749 831.286 826.592 825.12 817.139 810.544 805.737 799.195 792.858 787.397 780.696 769.847 762.53 753.854 744.893 737.12 729.308 721.98 714.252 707.223 698.117 688.495 680.843 673.96 667.001 660.915 656.314 652.898 648.63 644.368 642.868 639.141 634.738 631.363 628.699 625.595
846.904 845.835 844.277 842.755 841.532 840.409 838.891 838.443 837.72 836.996 835.889 828.094 823.584 834.259 834.568 835.878 837.415 838.424 838.231 836.659 835.336 836.421 838.434 839.185 838.411 837.087 836.863 837.711 838.41 838.391 838.306 838.55 839.313 840.417 841.376 841.858 841.719 840.602 836.749 831.286 826.592 825.12 817.139 810.544 805.737 799.195 792.858 787.397 780.696 769.847 762.53 753.854 744.893 737.12 729.308 721.98 714.252 707.223 698.117 688.495 680.843 673.96 667.001 660.915 656.314 652.898 648.63 644.368 642.868 639.141 634.738 631.363 628.699 625.595
846.904 845.835 844.277 842.755 841.532 840.409 838.891 838.443 837.72 836.996 835.889 828.094 823.584 834.259 834.568 835.878 837.415 838.424 838.231 836.659 835.336 836.421 838.434 839.185 838.411 837.087 836.863 837.711 838.41 838.391 838.306 838.55 839.313 840.417 841.376 841.858 841.719 840.602 836.749 831.286 826.592 825.12 817.139 810.544 805.737 799.195 792.858 787.397 780.696 769.847 762.53 753.854 744.893 737.12 729.308 721.98 714.252 707.223 698.117 688.495 680.843 673.96 667.001 660.915 656.314 652.898 648.63 644.368 642.868 639.141 634.738 631.363 628.699 625.595
846.904 845.835 844.277 842.755 841.532 840.409 838.891 838.443 837.72 836.996 835.889 828.094 823.584 834.259 834.568 835.878 837.415 838.424 838.231 836.659 835.336 836.421 838.434 839.185 838.411 837.087 836.863 837.711 838.41 838.391 838.306 838.55 839.313 840.417 841.376 841.858 841.719 840.602 836.749 831.286 826.592 825.12 817.139 810.544 805.737 799.195 792.858 787.397 780.696 769.847 762.53 753.854 744.893 737.12 729.308 721.98 714.252 707.223 698.117 688.495 680.843 673.96 667.001 660.915 656.314 652.898 648.63 644.368 642.868 639.141 634.738 631.363 628.699 625.595
846.904 845.835 844.277 842.755 841.532 840.409 838.891 838.443 837.72 836.996 835.889 828.094 823.584 834.259 834.568 835.878 837.415 838.424 838.231 836.659 835.336 836.421 838.434 839.185 838.411 837.087 836.863 837.711 838.41 838.391 838.306 838.55 839.313 840.417 841.376 841.858 841.719 840.602 836.749 831.286 826.592 825.12 817.139 810.544 805.737 799.195 792.858 787.397 780.696 769.847 762.53 753.854 744.893 737.12 729.308 721.98 714.252 707.223 698.117 688.495 680.843 673.96 667.001 660.915 656.314 652.898 648.63 644.368 642.868 639.141 634.738 631.363 628.699 625.595
846.904 845.835 844.277 842.755 841.532 840.409 838.891 838.443 837.72 836.996 835.889 828.094 823.584 834.259 834.568 835.878 837.415 838.424 838.231 836.659 835.336 836.421 838.434 839.185 838.411 837.087 836.863 837.711 838.41 838.391 838.306 838.55 839.313 840.417 841.376 841.858 841.719 840.602 836.749 831.286 826.592 825.12 817.139 810.544 805.737 799.195 792.858 787.397 780.696 769.847 762.53 753.854 744.893 737.12 729.308 721.98 714.252 707.223 698.117 688.495 680.843 673.96 667.001 660.915 656.314 652.898 648.63 644.368 642.868 639.141 634.738 631.363 628.699 625.595
846.904 845.835 844.277 842.755 841.532 840.409 838.891 838.443 837.72 836.996 835.889 828.094 823.584 834.259 834.568 835.878 837.415 838.424 838.231 836.659 835.336 836.421 838.434 839.185 838.411 837.087 836.863 837.711 838.41 838.391 838.306 838.55 839.313 840.417 841.376 841.858 841.719 840.602 836.749 831.286 826.592 825.12 817.139 810.544 805.737 799.195 792.858 787.397 780.696 769.847 762.53 753.854 744.893 737.12 729.308 721.98 714.252 707.223 698.117 688.495 680.843 673.96 667.001 660.915 656.314 652.898 648.63 644.368 642.868 639.141 634.738 631.363 628.699 625.595
846.904 845.835 844.277 842.755 841.532 840.409 838.891 838.443 837.72 836.996 835.889 828.094 823.584 834.259 834.568 835.878 837.415 838.424 838.231 836.659 835.336 836.421 838.434 839.185 838.411 837.087 836.863 837.711 838.41 838.391 838.306 838.55 839.313 840.417 841.376 841.858 841.719 840.602 836.749 831.286 826.592 825.12 817.139 810.544 805.737 799.195 792.858 787.397 780.696 769.847 762.53 753.854 744.893 737.12 729.308 721.98 714.252 707.223 698.117 688.495 680.843 673.96 667.001 660.915 656.314 652.898 648.63 644.368 642.868 639.141 634.738 631.363 628.699 625.595
846.904 845.835 844.277 842.755 841.532 840.409 838.891 838.443 837.72 836.996 835.889 828.094 823.584 834.259 834.568 835.878 837.415 838.424 838.231 836.659 835.336 836.421 838.434 839.185 838.411 837.087 836.863 837.711 838.41 838.391 838.306 838.55 839.313 840.417 841.376 841.858 841.719 840.602 836.749 831.286 826.592 825.12 817.139 810.544 805.737 799.195 792.858 787.397 780.696 769.847 762.53 753.854 744.893 737.12 729.308 721.98 714.252 707.223 698.117 688.495 680.843 673.96 667.001 660.915 656.314 652.898 648.63 644.368 642.868 639.141 634.738 631.363 628.699 625.595
846.904 845.835 844.277 842.755 841.532 840.409 838.891 838.443 837.72 836.996 835.889 828.094 823.584 834.259 834.568 835.878 837.415 838.424 838.231 836.659 835.336 836.421 838.434 839.185 838.411 837.087 836.863 837.711 838.41 838.391 838.306 838.55 839.313 840.417 841.376 841.858 841.719 840.602 836.749 831.286 826.592 825.12 817.139 810.544 805.737 799.195 792.858 787.397 780.696 769.847 762.53 753.854 744.893 737.12 729.308 721.98 714.252 707.223 698.117 688.495 680.843 673.96 667.001 660.915 656.314 652.898 648.63 644.368 642.868 639.141 634.738 631.363 628.699 625.595
846.904 845.835 844.277 842.755 841.532 840.409 838.891 838.443 837.72 836.996 835.889 828.094 823.584 834.259 834.568 835.878 837.415 838.424 838.231 836.659 835.336 836.421 838.434 839.185 838.411 837.087 836.863 837.711 838.41 838.391 838.306 838.55 839.313 840.417 841.376 841.858 841.719 840.602 836.749 831.286 826.592 825.12 817.139 810.544 805.737 799.195 792.858 787.397 780.696 769.847 762.53 753.854 744.893 737.12 729.308 721.98 714.252 707.223 698.117 688.495 680.843 673.96 667.001 660.915 656.314 652.898 648.63 644.368 642.868 639.141 634.738 631.363 628.699 625.595
846.904 845.835 844.277 842.755 841.532 840.409 838.891 838.443 837.72 836.996 835.889 828.094 823.584 834.259 834.568 835.878 837.415 838.424 838.231 836.659 835.336 836.421 838.434 839.185 838.411 837.087 836.863 837.711 838.41 838.391 838.306 838.55 839.313 840.417 841.376 841.858 841.719 840.602 836.749 831.286 826.592 825.12 817.139 810.544 805.737 799.195 792.858 787.397 780.696 769.847 762.53 753.854 744.893 737.12 729.308 721.98 714.252 707.223 698.117 688.495 680.843 673.96 667.001 660.915 656.314 652.898 648.63 644.368 642.868 639.141 634.738 631.363 628.699 625.595
846.904 845.835 844.277 842.755 841.532 840.409 838.891 838.443 837.72 836.996 835.889 828.094 823.584 834.259 834.568 835.878 837.415 838.424 838.231 836.659 835.336 836.421 838.434 839.185 838.411 837.087 836.863 837.711 838.41 838.391 838.306 838.55 839.313 840.417 841.376 841.858 841.719 840.602 836.749 831.286 826.592 825.12 817.139 810.544 805.737 799.195 792.858 787.397 780.696 769.847 762.53 753.854 744.893 737.12 729.308 721.98 714.252 707.223 698.117 688.495 680.843 673.96 667.001 660.915 656.314 652.898 648.63 644.368 642.868 639.141 634.738 631.363 628.699 625.595
846.904 845.835 844.277 842.755 841.532 840.409 838.891 838.443 837.72 836.996 835.889 828.094 823.584 834.259 834.568 835.878 837.415 838.424 838.231 836.659 835.336 836.421 838.434 839.185 838.411 837.087 836.863 837.711 838.41 838.391 838.306 838.55 839.313 840.417 841.376 841.858 841.719 840.602 836.749 831.286 826.592 825.12 817.139 810.544 805.737 799.195 792.858 787.397 780.696 769.847 762.53 753.854 744.893 737.12 729.308 721.98 714.252 707.223 698.117 688.495 680.843 673.96 667.001 660.915 656.314 652.898 648.63 644.368 642.868 639.141 634.738 631.363 628.699 625.595
846.904 845.835 844.277 842.755 841.532 840.409 838.891 838.443 837.72 836.996 835.889 828.094 823.584 834.259 834.568 835.878 837.415 838.424 838.231 836.659 835.336 836.421 838.434 839.185 838.411 837.087 836.863 837.711 838.41 838.391 838.306 838.55 839.313 840.417 841.376 841.858 841.719 840.602 836.749 831.286 826.592 825.12 817.139 810.544 805.737 799.195 792.858 787.397 780.696 769.847 762.53 753.854 744.893 737.12 729.308 721.98 714.252 707.223 698.117 688.495 680.843 673.96 667.001 660.915 656.314 652.898 648.63 644.368 642.868 639.141 634.738 631.363 628.699 625.595
846.904 845.835 844.277 842.755 841.532 840.409 838.891 838.443 837.72 836.996 835.889 828.094 823.584 834.259 834.568 835.878 837.415 838.424 838.231 836.659 835.336 836.421 838.434 839.185 838.411 837.087 836.863 837.711 838.41 838.391 838.306 838.55 839.313 840.417 841.376 841.858 841.719 840.602 836.749 831.286 826.592 825.12 817.139 810.544 805.737 799.195 792.858 787.397 780.696 769.847 762.53 753.854 744.893 737.12 729.308 721.98 714.252 707.223 698.117 688.495 680.843 673.96 667.001 660.915 656.314 652.898 648.63 644.368 642.868 639.141 634.738 631.363 628.699 625.595
846.904 845.835 844.277 842.755 841.532 840.409 838.891 838.443 837.72 836.996 835.889 828.094 823.584 834.259 834.568 835.878 837.415 838.424 838.231 836.659 835.336 836.421 838.434 839.185 838.411 837.087 836.863 837.711 838.41 838.391 838.306 838.55 839.313 840.417 841.376 841.858 841.719 840.602 836.749 831.286 826.592 825.12 817.139 810.544 805.737 799.195 792.858 787.397 780.696 769.847 762.53 753.854 744.893 737.12 729.308 721.98 714.252 707.223 698.117 688.495 680.843 673.96 667.001 660.915 656.314 652.898 648.63 644.368 642.868 639.141 634.738 631.363 628.699 625.595
846.904 845.835 844.277 842.755 841.532 840.409 838.891 838.443 837.72 836.996 835.889 828.094 823.584 834.259 834.568 835.878 837.415 838.424 838.231 836.659 835.336 836.421 838.434 839.185 838.411 837.087 836.863 837.711 838.41 838.391 838.306 838.55 839.313 840.417 841.376 841.858 841.719 840.602 836.749 831.286 826.592 825.12 817.139 810.544 805.737 799.195 792.858 787.397 780.696 769.847 762.53 753.854 744.893 737.12 729.308 721.98 714.252 707.223 698.117 688.495 680.843 673.96 667.001 660.915 656.314 652.898 648.63 644.368 642.868 639.141 634.738 631.363 628.699 625.595
846.904 845.835 844.277 842.755 841.532 840.409 838.891 838.443 837.72 836.996 835.889 828.094 823.584 834.259 834.568 835.878 837.415 838.424 838.231 836.659 835.336 836.421 838.434 839.185 838.411 837.087 836.863 837.711 838.41 838.391 838.306 838.55 839.313 840.417 841.376 841.858 841.719 840.602 836.749 831.286 826.592 825.12 817.139 810.544 805.737 799.195 792.858 787.397 780.696 769.847 762.53 753.854 744.893 737.12 729.308 721.98 714.252 707.223 698.117 688.495 680.843 673.96 667.001 660.915 656.314 652.898 648.63 644.368 642.868 639.141 634.738 631.363 628.699 625.595
846.904 845.835 844.277 842.755 841.532 840.409 838.891 838.443 837.72 836.996 835.889 828.094 823.584 834.259 834.568 835.878 837.415 838.424 838.231 836.659 835.336 836.421 838.434 839.185 838.411 837.087 836.863 837.711 838.41 838.391 838.306 838.55 839.313 840.417 841.376 841.858 841.719 840.602 836.749 831.286 826.592 825.12 817.139 810.544 805.737 799.195 792.858 787.397 780.696 769.847 762.53 753.854 744.893 737.12 729.308 721.98 714.252 707.223 698.117 688.495 680.843 673.96 667.001 660.915 656.314 652.898 648.63 644.368 642.868 639.141 634.738 631.363 628.699 625.595
846.904 845.835 844.277 842.755 841.532 840.409 838.891 838.443 837.72 836.996 835.889 828.094 823.584 834.259 834.568 835.878 837.415 838.424 838.231 836.659 835.336 836.421 838.434 839.185 838.411 837.087 836.863 837.711 838.41 838.391 838.306 838.55 839.313 840.417 841.376 841.858 841.719 840.602 836.749 831.286 826.592 825.12 817.139 810.544 805.737 799.195 792.858 787.397 780.696 769.847 762.53 753.854 744.893 737.12 729.308 721.98 714.252 707.223 698.117 688.495 680.843 673.96 667.001 660.915 656.314 652.898 648.63 644.368 642.868 639.141 634.738 631.363 628.699 625.595
846.904 845.835 844.277 842.755 841.532 840.409 838.891 838.443 837.72 836.996 835.889 828.094 823.584 834.259 834.568 835.878 837.415 838.424 838.231 836.659 835.336 836.421 838.434 839.185 838.411 837.087 836.863 837.711 838.41 838.391 838.306 838.55 839.313 840.417 841.376 841.858 841.719 840.602 836.749 831.286 826.592 825.12 817.139 810.544 805.737 799.195 792.858 787.397 780.696 769.847 762.53 753.854 744.893 737.12 729.308 721.98 714.252 707.223 698.117 688.495 680.843 673.96 667.001 660.915 656.314 652.898 648.63 644.368 642.868 639.141 634.738 631.363 628.699 625.595
846.904 845.835 844.277 842.755 841.532 840.409 838.891 838.443 837.72 836.996 835.889 828.094 823.584 834.259 834.568 835.878 837.415 838.424 838.231 836.659 835.336 836.421 838.434 839.185 838.411 837.087 836.863 837.711 838.41 838.391 838.306 838.55 839.313 840.417 841.376 841.858 841.719 840.602 836.749 831.286 826.592 825.12 817.139 810.544 805.737 799.195 792.858 787.397 780.696 769.847 762.53 753.854 744.893 737.12 729.308 721.98 714.252 707.223 698.117 688.495 680.843 673.96 667.001 660.915 656.314 652.898 648.63 644.368 642.868 639.141 634.738 631.363 628.699 625.595
846.904 845.835 844.277 842.755 841.532 840.409 838.891 838.443 837.72 836.996 835.889 828.094 823.584 834.259 834.568 835.878 837.415 838.424 838.231 836.659 835.336 836.421 838.434 839.185 838.411 837.087 836.863 837.711 838.41 838.391 838.306 838.55 839.313 840.417 841.376 841.858 841.719 840.602 836.749 831.286 826.592 825.12 817.139 810.544 805.737 799.195 792.858 787.397 780.696 769.847 762.53 753.854 744.893 737.12 729.308 721.98 714.252 707.223 698.117 688.495 680.843 673.96 667.001 660.915 656.314 652.898 648.63 644.368 642.868 639.141 634.738 631.363 628.699 625.595
846.904 845.835 844.277 842.755 841.532 840.409 838.891 838.443 837.72 836.996 835.889 828.094 823.584 834.259 834.568 835.878 837.415 838.424 838.231 836.659 835.336 836.421 838.434 839.185 838.411 837.087 836.863 837.711 838.41 838.391 838.306 838.55 839.313 840.417 841.376 841.858 841.719 840.602 836.749 831.286 826.592 825.12 817.139 810.544 805.737 799.195 792.858 787.397 780.696 769.847 762.53 753.854 744.893 737.12 729.308 721.98 714.252 707.223 698.117 688.495 680.843 673.96 667.001 660.915 656.314 652.898 648.63 644.368 642.868 639.141 634.738 631.363 628.699 625.595
846.904 845.835 844.277 842.755 841.532 840.409 838.891 838.443 837.72 836.996 835.889 828.094 823.584 834.259 834.568 835.878 837.415 838.424 838.231 836.659 835.336 836.421 838.434 839.185 838.411 837.087 836.863 837.711 838.41 838.391 838.306 838.55 839.313 840.417 841.376 841.858 841.719 840.602 836.749 831.286 826.592 825.12 817.139 810.544 805.737 799.195 792.858 787.397 780.696 769.847 762.53 753.854 744.893 737.12 729.308 721.98 714.252 707.223 698.117 688.495 680.843 673.96 667.001 660.915 656.314 652.898 648.63 644.368 642.868 639.141 634.738 631.363 628.699 625.595
846.904 845.835 844.277 842.755 841.532 840.409 838.891 838.443 837.72 836.996 835.889 828.094 823.584 834.259 834.568 835.878 837.415 838.424 838.231 836.659 835.336 836.421 838.434 839.185 838.411 837.087 836.863 837.711 838.41 838.391 838.306 838.55 839.313 840.417 841.376 841.858 841.719 840.602 836.749 831.286 826.592 825.12 817.139 810.544 805.737 799.195 792.858 787.397 780.696 769.847 762.53 753.854 744.893 737.12 729.308 721.98 714.252 707.223 698.117 688.495 680.843 673.96 667.001 660.915 656.314 652.898 648.63 644.368 642.868 639.141 634.738 631.363 628.699 625.595
846.904 845.835 844.277 842.755 841.532 840.409 838.891 838.443 837.72 836.996 835.889 828.094 823.584 834.259 834.568 835.878 837.415 838.424 838.231 836.659 835.336 836.421 838.434 839.185 838.411 837.087 836.863 837.711 838.41 838.391 838.306 838.55 839.313 840.417 841.376 841.858 841.719 840.602 836.749 831.286 826.592 825.12 817.139 810.544 805.737 799.195 792.858 787.397 780.696 769.847 762.53 753.854 744.893 737.12 729.308 721.98 714.252 707.223 698.117 688.495 680.843 673.96 667.001 660.915 656.314 652.898 648.63 644.368 642.868 639.141 634.738 631.363 628.699 625.595
