run/axisymmetricCrater/constant/DEM/ubehebe_transect_local_10m.asc
ncols        1793
nrows        100
xllcorner    -8950.0
yllcorner    -500.0
cellsize     10.0
NODATA_value -9999.0
[rows 66 to 98 of 100, columns 1110 to 1183 of 1793]
715.98 714.746 713.667 712.65 711.824 711.25 710.732 710.251 709.854 709.486 709.145 709.141 709.186 709.259 709.594 710.068 710.455 710.749 710.911 710.983 711.132 711.137 711.064 710.918 710.708 710.388 710.136 709.905 709.664 709.356 708.982 708.563 708.238 708.037 707.828 707.579 707.288 706.933 706.561 706.318 706.119 706.008 705.902 705.799 705.79 705.885 705.908 705.846 705.81 705.825 705.803 705.542 705.292 705.088 705.057 704.98 704.852 704.742 704.727 704.699 704.611 704.435 704.237 704.047 704.023 703.943 703.808 703.775 703.747 703.692 703.642 703.628 703.636 703.656
715.98 714.746 713.667 712.65 711.824 711.25 710.732 710.251 709.854 709.486 709.145 709.141 709.186 709.259 709.594 710.068 710.455 710.749 710.911 710.983 711.132 711.137 711.064 710.918 710.708 710.388 710.136 709.905 709.664 709.356 708.982 708.563 708.238 708.037 707.828 707.579 707.288 706.933 706.561 706.318 706.119 706.008 705.902 705.799 705.79 705.885 705.908 705.846 705.81 705.825 705.803 705.542 705.292 705.088 705.057 704.98 704.852 704.742 704.727 704.699 704.611 704.435 704.237 704.047 704.023 703.943 703.808 703.775 703.747 703.692 703.642 703.628 703.636 703.656
715.98 714.746 713.667 712.65 711.824 711.25 710.732 710.251 709.854 709.486 709.145 709.141 709.186 709.259 709.594 710.068 710.455 710.749 710.911 710.983 711.132 711.137 711.064 710.918 710.708 710.388 710.136 709.905 709.664 709.356 708.982 708.563 708.238 708.037 707.828 707.579 707.288 706.933 706.561 706.318 706.119 706.008 705.902 705.799 705.79 705.885 705.908 705.846 705.81 705.825 705.803 705.542 705.292 705.088 705.057 704.98 704.852 704.742 704.727 704.699 704.611 704.435 704.237 704.047 704.023 703.943 703.808 703.775 703.747 703.692 703.642 703.628 703.636 703.656
715.98 714.746 713.667 712.65 711.824 711.25 710.732 710.251 709.854 709.486 709.145 709.141 709.186 709.259 709.594 710.068 710.455 710.749 710.911 710.983 711.132 711.137 711.064 710.918 710.708 710.388 710.136 709.905 709.664 709.356 708.982 708.563 708.238 708.037 707.828 707.579 707.288 706.933 706.561 706.318 706.119 706.008 705.902 705.799 705.79 705.885 705.908 705.846 705.81 705.825 705.803 705.542 705.292 705.088 705.057 704.98 704.852 704.742 704.727 704.699 704.611 704.435 704.237 704.047 704.023 703.943 703.808 703.775 703.747 703.692 703.642 703.628 703.636 703.656
715.98 714.746 713.667 712.65 711.824 711.25 710.732 710.251 709.854 709.486 709.145 709.141 709.186 709.259 709.594 710.068 710.455 710.749 710.911 710.983 711.132 711.137 711.064 710.918 710.708 710.388 710.136 709.905 709.664 709.356 708.982 708.563 708.238 708.037 707.828 707.579 707.288 706.933 706.561 706.318 706.119 706.008 705.902 705.799 705.79 705.885 705.908 705.846 705.81 705.825 705.803 705.542 705.292 705.088 705.057 704.98 704.852 704.742 704.727 704.699 704.611 704.435 704.237 704.047 704.023 703.943 703.808 703.775 703.747 703.692 703.642 703.628 703.636 703.656
715.98 714.746 713.667 712.65 711.824 711.25 710.732 710.251 709.854 709.486 709.145 709.141 709.186 709.259 709.594 710.068 710.455 710.749 710.911 710.983 711.132 711.137 711.064 710.918 710.708 710.388 710.136 709.905 709.664 709.356 708.982 708.563 708.238 708.037 707.828 707.579 707.288 706.933 706.561 706.318 706.119 706.008 705.902 705.799 705.79 705.885 705.908 705.846 705.81 705.825 705.803 705.542 705.292 705.088 705.057 704.98 704.852 704.742 704.727 704.699 704.611 704.435 704.237 704.047 704.023 703.943 703.808 703.775 703.747 703.692 703.642 703.628 703.636 703.656
715.98 714.746 713.667 712.65 711.824 711.25 710.732 710.251 709.854 709.486 709.145 709.141 709.186 709.259 709.594 710.068 710.455 710.749 710.911 710.983 711.132 711.137 711.064 710.918 710.708 710.388 710.136 709.905 709.664 709.356 708.982 708.563 708.238 708.037 707.828 707.579 707.288 706.933 706.561 706.318 706.119 706.008 705.902 705.799 705.79 705.885 705.908 705.846 705.81 705.825 705.803 705.542 705.292 705.088 705.057 704.98 704.852 704.742 704.727 704.699 704.611 704.435 704.237 704.047 704.023 703.943 703.808 703.775 703.747 703.692 703.642 703.628 703.636 703.656
715.98 714.746 713.667 712.65 711.824 711.25 710.732 710.251 709.854 709.486 709.145 709.141 709.186 709.259 709.594 710.068 710.455 710.749 710.911 710.983 711.132 711.137 711.064 710.918 710.708 710.388 710.136 709.905 709.664 709.356 708.982 708.563 708.238 708.037 707.828 707.579 707.288 706.933 706.561 706.318 706.119 706.008 705.902 705.799 705.79 705.885 705.908 705.846 705.81 705.825 705.803 705.542 705.292 705.088 705.057 704.98 704.852 704.742 704.727 704.699 704.611 704.435 704.237 704.047 704.023 703.943 703.808 703.775 703.747 703.692 703.642 703.628 703.636 703.656
715.98 714.746 713.667 712.65 711.824 711.25 710.732 710.251 709.854 709.486 709.145 709.141 709.186 709.259 709.594 710.068 710.455 710.749 710.911 710.983 711.132 711.137 711.064 710.918 710.708 710.388 710.136 709.905 709.664 709.356 708.982 708.563 708.238 708.037 707.828 707.579 707.288 706.933 706.561 706.318 706.119 706.008 705.902 705.799 705.79 705.885 705.908 705.846 705.81 705.825 705.803 705.542 705.292 705.088 705.057 704.98 704.852 704.742 704.727 704.699 704.611 704.435 704.237 704.047 704.023 703.943 703.808 703.775 703.747 703.692 703.642 703.628 703.636 703.656
715.98 714.746 713.667 712.65 711.824 711.25 710.732 710.251 709.854 709.486 709.145 709.141 709.186 709.259 709.594 710.068 710.455 710.749 710.911 710.983 711.132 711.137 711.064 710.918 710.708 710.388 710.136 709.905 709.664 709.356 708.982 708.563 708.238 708.037 707.828 707.579 707.288 706.933 706.561 706.318 706.119 706.008 705.902 705.799 705.79 705.885 705.908 705.846 705.81 705.825 705.803 705.542 705.292 705.088 705.057 704.98 704.852 704.742 704.727 704.699 704.611 704.435 704.237 704.047 704.023 703.943 703.808 703.775 703.747 703.692 703.642 703.628 703.636 703.656
715.98 714.746 713.667 712.65 711.824 711.25 710.732 710.251 709.854 709.486 709.145 709.141 709.186 709.259 709.594 710.068 710.455 710.749 710.911 710.983 711.132 711.137 711.064 710.918 710.708 710.388 710.136 709.905 709.664 709.356 708.982 708.563 708.238 708.037 707.828 707.579 707.288 706.933 706.561 706.318 706.119 706.008 705.902 705.799 705.79 705.885 705.908 705.846 705.81 705.825 705.803 705.542 705.292 705.088 705.057 704.98 704.852 704.742 704.727 704.699 704.611 704.435 704.237 704.047 704.023 703.943 703.808 703.775 703.747 703.692 703.642 703.628 703.636 703.656
715.98 714.746 713.667 712.65 711.824 711.25 710.732 710.251 709.854 709.486 709.145 709.141 709.186 709.259 709.594 710.068 710.455 710.749 710.911 710.983 711.132 711.137 711.064 710.918 710.708 710.388 710.136 709.905 709.664 709.356 708.982 708.563 708.238 708.037 707.828 707.579 707.288 706.933 706.561 706.318 706.119 706.008 705.902 705.799 705.79 705.885 705.908 705.846 705.81 705.825 705.803 705.542 705.292 705.088 705.057 704.98 704.852 704.742 704.727 704.699 704.611 704.435 704.237 704.047 704.023 703.943 703.808 703.775 703.747 703.692 703.642 703.628 703.636 703.656
715.98 714.746 713.667 712.65 711.824 711.25 710.732 710.251 709.854 709.486 709.145 709.141 709.186 709.259 709.594 710.068 710.455 710.749 710.911 710.983 711.132 711.137 711.064 710.918 710.708 710.388 710.136 709.905 709.664 709.356 708.982 708.563 708.238 708.037 707.828 707.579 707.288 706.933 706.561 706.318 706.119 706.008 705.902 705.799 705.79 705.885 705.908 705.846 705.81 705.825 705.803 705.542 705.292 705.088 705.057 704.98 704.852 704.742 704.727 704.699 704.611 704.435 704.237 704.047 704.023 703.943 703.808 703.775 703.747 703.692 703.642 703.628 703.636 703.656
715.98 714.746 713.667 712.65 711.824 711.25 710.732 710.251 709.854 709.486 709.145 709.141 709.186 709.259 709.594 710.068 710.455 710.749 710.911 710.983 711.132 711.137 711.064 710.918 710.708 710.388 710.136 709.905 709.664 709.356 708.982 708.563 708.238 708.037 707.828 707.579 707.288 706.933 706.561 706.318 706.119 706.008 705.902 705.799 705.79 705.885 705.908 705.846 705.81 705.825 705.803 705.542 705.292 705.088 705.057 704.98 704.852 704.742 704.727 704.699 704.611 704.435 704.237 704.047 704.023 703.943 703.808 703.775 703.747 703.692 703.642 703.628 703.636 703.656
715.98 714.746 713.667 712.65 711.824 711.25 710.732 710.251 709.854 709.486 709.145 709.141 709.186 709.259 709.594 710.068 710.455 710.749 710.911 710.983 711.132 711.137 711.064 710.918 710.708 710.388 710.136 709.905 709.664 709.356 708.982 708.563 708.238 708.037 707.828 707.579 707.288 706.933 706.561 706.318 706.119 706.008 705.902 705.799 705.79 705.885 705.908 705.846 705.81 705.825 705.803 705.542 705.292 705.088 705.057 704.98 704.852 704.742 704.727 704.699 704.611 704.435 704.237 704.047 704.023 703.943 703.808 703.775 703.747 703.692 703.642 703.628 703.636 703.656
715.98 714.746 713.667 712.65 711.824 711.25 710.732 710.251 709.854 709.486 709.145 709.141 709.186 709.259 709.594 710.068 710.455 710.749 710.911 710.983 711.132 711.137 711.064 710.918 710.708 710.388 710.136 709.905 709.664 709.356 708.982 708.563 708.238 708.037 707.828 707.579 707.288 706.933 706.561 706.318 706.119 706.008 705.902 705.799 705.79 705.885 705.908 705.846 705.81 705.825 705.803 705.542 705.292 705.088 705.057 704.98 704.852 704.742 704.727 704.699 704.611 704.435 704.237 704.047 704.023 703.943 703.808 703.775 703.747 703.692 703.642 703.628 703.636 703.656
715.98 714.746 713.667 712.65 711.824 711.25 710.732 710.251 709.854 709.486 709.145 709.141 709.186 709.259 709.594 710.068 710.455 710.749 710.911 710.983 711.132 711.137 711.064 710.918 710.708 710.388 710.136 709.905 709.664 709.356 708.982 708.563 708.238 708.037 707.828 707.579 707.288 706.933 706.561 706.318 706.119 706.008 705.902 705.799 705.79 705.885 705.908 705.846 705.81 705.825 705.803 705.542 705.292 705.088 705.057 704.98 704.852 704.742 704.727 704.699 704.611 704.435 704.237 704.047 704.023 703.943 703.808 703.775 703.747 703.692 703.642 703.628 703.636 703.656
715.98 714.746 713.667 712.65 711.824 711.25 710.732 710.251 709.854 709.486 709.145 709.141 709.186 709.259 709.594 710.068 710.455 710.749 710.911 710.983 711.132 711.137 711.064 710.918 710.708 710.388 710.136 709.905 709.664 709.356 708.982 708.563 708.238 708.037 707.828 707.579 707.288 706.933 706.561 706.318 706.119 706.008 705.902 705.799 705.79 705.885 705.908 705.846 705.81 705.825 705.803 705.542 705.292 705.088 705.057 704.98 704.852 704.742 704.727 704.699 704.611 704.435 704.237 704.047 704.023 703.943 703.808 703.775 703.747 703.692 703.642 703.628 703.636 703.656
715.98 714.746 713.667 712.65 711.824 711.25 710.732 710.251 709.854 709.486 709.145 709.141 709.186 709.259 709.594 710.068 710.455 710.749 710.911 710.983 711.132 711.137 711.064 710.918 710.708 710.388 710.136 709.905 709.664 709.356 708.982 708.563 708.238 708.037 707.828 707.579 707.288 706.933 706.561 706.318 706.119 706.008 705.902 705.799 705.79 705.885 705.908 705.846 705.81 705.825 705.803 705.542 705.292 705.088 705.057 704.98 704.852 704.742 704.727 704.699 704.611 704.435 704.237 704.047 704.023 703.943 703.808 703.775 703.747 703.692 703.642 703.628 703.636 703.656
715.98 714.746 713.667 712.65 711.824 711.25 710.732 710.251 709.854 709.486 709.145 709.141 709.186 709.259 709.594 710.068 710.455 710.749 710.911 710.983 711.132 711.137 711.064 710.918 710.708 710.388 710.136 709.905 709.664 709.356 708.982 708.563 708.238 708.037 707.828 707.579 707.288 706.933 706.561 706.318 706.119 706.008 705.902 705.799 705.79 705.885 705.908 705.846 705.81 705.825 705.803 705.542 705.292 705.088 705.057 704.98 704.852 704.742 704.727 704.699 704.611 704.435 704.237 704.047 704.023 703.943 703.808 703.775 703.747 703.692 703.642 703.628 703.636 703.656
715.98 714.746 713.667 712.65 711.824 711.25 710.732 710.251 709.854 709.486 709.145 709.141 709.186 709.259 709.594 710.068 710.455 710.749 710.911 710.983 711.132 711.137 711.064 710.918 710.708 710.388 710.136 709.905 709.664 709.356 708.982 708.563 708.238 708.037 707.828 707.579 707.288 706.933 706.561 706.318 706.119 706.008 705.902 705.799 705.79 705.885 705.908 705.846 705.81 705.825 705.803 705.542 705.292 705.088 705.057 704.98 704.852 704.742 704.727 704.699 704.611 704.435 704.237 704.047 704.023 703.943 703.808 703.775 703.747 703.692 703.642 703.628 703.636 703.656
715.98 714.746 713.667 712.65 711.824 711.25 710.732 710.251 709.854 709.486 709.145 709.141 709.186 709.259 709.594 710.068 710.455 710.749 710.911 710.983 711.132 711.137 711.064 710.918 710.708 710.388 710.136 709.905 709.664 709.356 708.982 708.563 708.238 708.037 707.828 707.579 707.288 706.933 706.561 706.318 706.119 706.008 705.902 705.799 705.79 705.885 705.908 705.846 705.81 705.825 705.803 705.542 705.292 705.088 705.057 704.98 704.852 704.742 704.727 704.699 704.611 704.435 704.237 704.047 704.023 703.943 703.808 703.775 703.747 703.692 703.642 703.628 703.636 703.656
715.98 714.746 713.667 712.65 711.824 711.25 710.732 710.251 709.854 709.486 709.145 709.141 709.186 709.259 709.594 710.068 710.455 710.749 710.911 710.983 711.132 711.137 711.064 710.918 710.708 710.388 710.136 709.905 709.664 709.356 708.982 708.563 708.238 708.037 707.828 707.579 707.288 706.933 706.561 706.318 706.119 706.008 705.902 705.799 705.79 705.885 705.908 705.846 705.81 705.825 705.803 705.542 705.292 705.088 705.057 704.98 704.852 704.742 704.727 704.699 704.611 704.435 704.237 704.047 704.023 703.943 703.808 703.775 703.747 703.692 703.642 703.628 703.636 703.656
715.98 714.746 713.667 712.65 711.824 711.25 710.732 710.251 709.854 709.486 709.145 709.141 709.186 709.259 709.594 710.068 710.455 710.749 710.911 710.983 711.132 711.137 711.064 710.918 710.708 710.388 710.136 709.905 709.664 709.356 708.982 708.563 708.238 708.037 707.828 707.579 707.288 706.933 706.561 706.318 706.119 706.008 705.902 705.799 705.79 705.885 705.908 705.846 705.81 705.825 705.803 705.542 705.292 705.088 705.057 704.98 704.852 704.742 704.727 704.699 704.611 704.435 704.237 704.047 704.023 703.943 703.808 703.775 703.747 703.692 703.642 703.628 703.636 703.656
715.98 714.746 713.667 712.65 711.824 711.25 710.732 710.251 709.854 709.486 709.145 709.141 709.186 709.259 709.594 710.068 710.455 710.749 710.911 710.983 711.132 711.137 711.064 710.918 710.708 710.388 710.136 709.905 709.664 709.356 708.982 708.563 708.238 708.037 707.828 707.579 707.288 706.933 706.561 706.318 706.119 706.008 705.902 705.799 705.79 705.885 705.908 705.846 705.81 705.825 705.803 705.542 705.292 705.088 705.057 704.98 704.852 704.742 704.727 704.699 704.611 704.435 704.237 704.047 704.023 703.943 703.808 703.775 703.747 703.692 703.642 703.628 703.636 703.656
715.98 714.746 713.667 712.65 711.824 711.25 710.732 710.251 709.854 709.486 709.145 709.141 709.186 709.259 709.594 710.068 710.455 710.749 710.911 710.983 711.132 711.137 711.064 710.918 710.708 710.388 710.136 709.905 709.664 709.356 708.982 708.563 708.238 708.037 707.828 707.579 707.288 706.933 706.561 706.318 706.119 706.008 705.902 705.799 705.79 705.885 705.908 705.846 705.81 705.825 705.803 705.542 705.292 705.088 705.057 704.98 704.852 704.742 704.727 704.699 704.611 704.435 704.237 704.047 704.023 703.943 703.808 703.775 703.747 703.692 703.642 703.628 703.636 703.656
715.98 714.746 713.667 712.65 711.824 711.25 710.732 710.251 709.854 709.486 709.145 709.141 709.186 709.259 709.594 710.068 710.455 710.749 710.911 710.983 711.132 711.137 711.064 710.918 710.708 710.388 710.136 709.905 709.664 709.356 708.982 708.563 708.238 708.037 707.828 707.579 707.288 706.933 706.561 706.318 706.119 706.008 705.902 705.799 705.79 705.885 705.908 705.846 705.81 705.825 705.803 705.542 705.292 705.088 705.057 704.98 704.852 704.742 704.727 704.699 704.611 704.435 704.237 704.047 704.023 703.943 703.808 703.775 703.747 703.692 703.642 703.628 703.636 703.656
715.98 714.746 713.667 712.65 711.824 711.25 710.732 710.251 709.854 709.486 709.145 709.141 709.186 709.259 709.594 710.068 710.455 710.749 710.911 710.983 711.132 711.137 711.064 710.918 710.708 710.388 710.136 709.905 709.664 709.356 708.982 708.563 708.238 708.037 707.828 707.579 707.288 706.933 706.561 706.318 706.119 706.008 705.902 705.799 705.79 705.885 705.908 705.846 705.81 705.825 705.803 705.542 705.292 705.088 705.057 704.98 704.852 704.742 704.727 704.699 704.611 704.435 704.237 704.047 704.023 703.943 703.808 703.775 703.747 703.692 703.642 703.628 703.636 703.656
715.98 714.746 713.667 712.65 711.824 711.25 710.732 710.251 709.854 709.486 709.145 709.141 709.186 709.259 709.594 710.068 710.455 710.749 710.911 710.983 711.132 711.137 711.064 710.918 710.708 710.388 710.136 709.905 709.664 709.356 708.982 708.563 708.238 708.037 707.828 707.579 707.288 706.933 706.561 706.318 706.119 706.008 705.902 705.799 705.79 705.885 705.908 705.846 705.81 705.825 705.803 705.542 705.292 705.088 705.057 704.98 704.852 704.742 704.727 704.699 704.611 704.435 704.237 704.047 704.023 703.943 703.808 703.775 703.747 703.692 703.642 703.628 703.636 703.656
715.98 714.746 713.667 712.65 711.824 711.25 710.732 710.251 709.854 709.486 709.145 709.141 709.186 709.259 709.594 710.068 710.455 710.749 710.911 710.983 711.132 711.137 711.064 710.918 710.708 710.388 710.136 709.905 709.664 709.356 708.982 708.563 708.238 708.037 707.828 707.579 707.288 706.933 706.561 706.318 706.119 706.008 705.902 705.799 705.79 705.885 705.908 705.846 705.81 705.825 705.803 705.542 705.292 705.088 705.057 704.98 704.852 704.742 704.727 704.699 704.611 704.435 704.237 704.047 704.023 703.943 703.808 703.775 703.747 703.692 703.642 703.628 703.636 703.656
715.98 714.746 713.667 712.65 711.824 711.25 710.732 710.251 709.854 709.486 709.145 709.141 709.186 709.259 709.594 710.068 710.455 710.749 710.911 710.983 711.132 711.137 711.064 710.918 710.708 710.388 710.136 709.905 709.664 709.356 708.982 708.563 708.238 708.037 707.828 707.579 707.288 706.933 706.561 706.318 706.119 706.008 705.902 705.799 705.79 705.885 705.908 705.846 705.81 705.825 705.803 705.542 705.292 705.088 705.057 704.98 704.852 704.742 704.727 704.699 704.611 704.435 704.237 704.047 704.023 703.943 703.808 703.775 703.747 703.692 703.642 703.628 703.636 703.656
715.98 714.746 713.667 712.65 711.824 711.25 710.732 710.251 709.854 709.486 709.145 709.141 709.186 709.259 709.594 710.068 710.455 710.749 710.911 710.983 711.132 711.137 711.064 710.918 710.708 710.388 710.136 709.905 709.664 709.356 708.982 708.563 708.238 708.037 707.828 707.579 707.288 706.933 706.561 706.318 706.119 706.008 705.902 705.799 705.79 705.885 705.908 705.846 705.81 705.825 705.803 705.542 705.292 705.088 705.057 704.98 704.852 704.742 704.727 704.699 704.611 704.435 704.237 704.047 704.023 703.943 703.808 703.775 703.747 703.692 703.642 703.628 703.636 703.656
715.98 714.746 713.667 712.65 711.824 711.25 710.732 710.251 709.854 709.486 709.145 709.141 709.186 709.259 709.594 710.068 710.455 710.749 710.911 710.983 711.132 711.137 711.064 710.918 710.708 710.388 710.136 709.905 709.664 709.356 708.982 708.563 708.238 708.037 707.828 707.579 707.288 706.933 706.561 706.318 706.119 706.008 705.902 705.799 705.79 705.885 705.908 705.846 705.81 705.825 705.803 705.542 705.292 705.088 705.057 704.98 704.852 704.742 704.727 704.699 704.611 704.435 704.237 704.047 704.023 703.943 703.808 703.775 703.747 703.692 703.642 703.628 703.636 703.656
