run/axisymmetricCrater/constant/DEM/ubehebe_transect_local_10m.asc
ncols        1793
nrows        100
xllcorner    -8950.0
yllcorner    -500.0
cellsize     10.0
NODATA_value -9999.0
[rows 33 to 65 of 100, columns 1184 to 1257 of 1793]
703.712 703.86 704.044 703.832 703.622 703.427 703.18 702.948 702.773 702.52 702.182 701.829 701.465 701.191 700.961 700.771 700.315 699.824 699.38 699.062 698.862 698.696 698.544 698.36 698.145 697.9 697.751 697.636 697.64 697.593 697.467 697.295 697.262 697.639 697.985 698.271 698.607 698.916 699.194 699.17 699.014 698.799 698.394 697.752 697.132 696.521 695.874 695.512 695.287 695.656 696.225 696.904 697.571 698.008 698.341 698.579 698.612 698.722 698.912 699.336 699.756 700.191 700.467 700.646 700.811 700.801 700.306 699.805 699.315 698.801 698.354 697.974 697.866 697.784
703.712 703.86 704.044 703.832 703.622 703.427 703.18 702.948 702.773 702.52 702.182 701.829 701.465 701.191 700.961 700.771 700.315 699.824 699.38 699.062 698.862 698.696 698.544 698.36 698.145 697.9 697.751 697.636 697.64 697.593 697.467 697.295 697.262 697.639 697.985 698.271 698.607 698.916 699.194 699.17 699.014 698.799 698.394 697.752 697.132 696.521 695.874 695.512 695.287 695.656 696.225 696.904 697.571 698.008 698.341 698.579 698.612 698.722 698.912 699.336 699.756 700.191 700.467 700.646 700.811 700.801 700.306 699.805 699.315 698.801 698.354 697.974 697.866 697.784
703.712 703.86 704.044 703.832 703.622 703.427 703.18 702.948 702.773 702.52 702.182 701.829 701.465 701.191 700.961 700.771 700.315 699.824 699.38 699.062 698.862 698.696 698.544 698.36 698.145 697.9 697.751 697.636 697.64 697.593 697.467 697.295 697.262 697.639 697.985 698.271 698.607 698.916 699.194 699.17 699.014 698.799 698.394 697.752 697.132 696.521 695.874 695.512 695.287 695.656 696.225 696.904 697.571 698.008 698.341 698.579 698.612 698.722 698.912 699.336 699.756 700.191 700.467 700.646 700.811 700.801 700.306 699.805 699.315 698.801 698.354 697.974 697.866 697.784
703.712 703.86 704.044 703.832 703.622 703.427 703.18 702.948 702.773 702.52 702.182 701.829 701.465 701.191 700.961 700.771 700.315 699.824 699.38 699.062 698.862 698.696 698.544 698.36 698.145 697.9 697.751 697.636 697.64 697.593 697.467 697.295 697.262 697.639 697.985 698.271 698.607 698.916 699.194 699.17 699.014 698.799 698.394 697.752 697.132 696.521 695.874 695.512 695.287 695.656 696.225 696.904 697.571 698.008 698.341 698.579 698.612 698.722 698.912 699.336 699.756 700.191 700.467 700.646 700.811 700.801 700.306 699.805 699.315 698.801 698.354 697.974 697.866 697.784
703.712 703.86 704.044 703.832 703.622 703.427 703.18 702.948 702.773 702.52 702.182 701.829 701.465 701.191 700.961 700.771 700.315 699.824 699.38 699.062 698.862 698.696 698.544 698.36 698.145 697.9 697.751 697.636 697.64 697.593 697.467 697.295 697.262 697.639 697.985 698.271 698.607 698.916 699.194 699.17 699.014 698.799 698.394 697.752 697.132 696.521 695.874 695.512 695.287 695.656 696.225 696.904 697.571 698.008 698.341 698.579 698.612 698.722 698.912 699.336 699.756 700.191 700.467 700.646 700.811 700.801 700.306 699.805 699.315 698.801 698.354 697.974 697.866 697.784
703.712 703.86 704.044 703.832 703.622 703.427 703.18 702.948 702.773 702.52 702.182 701.829 701.465 701.191 700.961 700.771 700.315 699.824 699.38 699.062 698.862 698.696 698.544 698.36 698.145 697.9 697.751 697.636 697.64 697.593 697.467 697.295 697.262 697.639 697.985 698.271 698.607 698.916 699.194 699.17 699.014 698.799 698.394 697.752 697.132 696.521 695.874 695.512 695.287 695.656 696.225 696.904 697.571 698.008 698.341 698.579 698.612 698.722 698.912 699.336 699.756 700.191 700.467 700.646 700.811 700.801 700.306 699.805 699.315 698.801 698.354 697.974 697.866 697.784
703.712 703.86 704.044 703.832 703.622 703.427 703.18 702.948 702.773 702.52 702.182 701.829 701.465 701.191 700.961 700.771 700.315 699.824 699.38 699.062 698.862 698.696 698.544 698.36 698.145 697.9 697.751 697.636 697.64 697.593 697.467 697.295 697.262 697.639 697.985 698.271 698.607 698.916 699.194 699.17 699.014 698.799 698.394 697.752 697.132 696.521 695.874 695.512 695.287 695.656 696.225 696.904 697.571 698.008 698.341 698.579 698.612 698.722 698.912 699.336 699.756 700.191 700.467 700.646 700.811 700.801 700.306 699.805 699.315 698.801 698.354 697.974 697.866 697.784
703.712 703.86 704.044 703.832 703.622 703.427 703.18 702.948 702.773 702.52 702.182 701.829 701.465 701.191 700.961 700.771 700.315 699.824 699.38 699.062 698.862 698.696 698.544 698.36 698.145 697.9 697.751 697.636 697.64 697.593 697.467 697.295 697.262 697.639 697.985 698.271 698.607 698.916 699.194 699.17 699.014 698.799 698.394 697.752 697.132 696.521 695.874 695.512 695.287 695.656 696.225 696.904 697.571 698.008 698.341 698.579 698.612 698.722 698.912 699.336 699.756 700.191 700.467 700.646 700.811 700.801 700.306 699.805 699.315 698.801 698.354 697.974 697.866 697.784
703.712 703.86 704.044 703.832 703.622 703.427 703.18 702.948 702.773 702.52 702.182 701.829 701.465 701.191 700.961 700.771 700.315 699.824 699.38 699.062 698.862 698.696 698.544 698.36 698.145 697.9 697.751 697.636 697.64 697.593 697.467 697.295 697.262 697.639 697.985 698.271 698.607 698.916 699.194 699.17 699.014 698.799 698.394 697.752 697.132 696.521 695.874 695.512 695.287 695.656 696.225 696.904 697.571 698.008 698.341 698.579 698.612 698.722 698.912 699.336 699.756 700.191 700.467 700.646 700.811 700.801 700.306 699.805 699.315 698.801 698.354 697.974 697.866 697.784
703.712 703.86 704.044 703.832 703.622 703.427 703.18 702.948 702.773 702.52 702.182 701.829 701.465 701.191 700.961 700.771 700.315 699.824 699.38 699.062 698.862 698.696 698.544 698.36 698.145 697.9 697.751 697.636 697.64 697.593 697.467 697.295 697.262 697.639 697.985 698.271 698.607 698.916 699.194 699.17 699.014 698.799 698.394 697.752 697.132 696.521 695.874 695.512 695.287 695.656 696.225 696.904 697.571 698.008 698.341 698.579 698.612 698.722 698.912 699.336 699.756 700.191 700.467 700.646 700.811 700.801 700.306 699.805 699.315 698.801 698.354 697.974 697.866 697.784
703.712 703.86 704.044 703.832 703.622 703.427 703.18 702.948 702.773 702.52 702.182 701.829 701.465 701.191 700.961 700.771 700.315 699.824 699.38 699.062 698.862 698.696 698.544 698.36 698.145 697.9 697.751 697.636 697.64 697.593 697.467 697.295 697.262 697.639 697.985 698.271 698.607 698.916 699.194 699.17 699.014 698.799 698.394 697.752 697.132 696.521 695.874 695.512 695.287 695.656 696.225 696.904 697.571 698.008 698.341 698.579 698.612 698.722 698.912 699.336 699.756 700.191 700.467 700.646 700.811 700.801 700.306 699.805 699.315 698.801 698.354 697.974 697.866 697.784
703.712 703.86 704.044 703.832 703.622 703.427 703.18 702.948 702.773 702.52 702.182 701.829 701.465 701.191 700.961 700.771 700.315 699.824 699.38 699.062 698.862 698.696 698.544 698.36 698.145 697.9 697.751 697.636 697.64 697.593 697.467 697.295 697.262 697.639 697.985 698.271 698.607 698.916 699.194 699.17 699.014 698.799 698.394 697.752 697.132 696.521 695.874 695.512 695.287 695.656 696.225 696.904 697.571 698.008 698.341 698.579 698.612 698.722 698.912 699.336 699.756 700.191 700.467 700.646 700.811 700.801 700.306 699.805 699.315 698.801 698.354 697.974 697.866 697.784
703.712 703.86 704.044 703.832 703.622 703.427 703.18 702.948 702.773 702.52 702.182 701.829 701.465 701.191 700.961 700.771 700.315 699.824 699.38 699.062 698.862 698.696 698.544 698.36 698.145 697.9 697.751 697.636 697.64 697.593 697.467 697.295 697.262 697.639 697.985 698.271 698.607 698.916 699.194 699.17 699.014 698.799 698.394 697.752 697.132 696.521 695.874 695.512 695.287 695.656 696.225 696.904 697.571 698.008 698.341 698.579 698.612 698.722 698.912 699.336 699.756 700.191 700.467 700.646 700.811 700.801 700.306 699.805 699.315 698.801 698.354 697.974 697.866 697.784
703.712 703.86 704.044 703.832 703.622 703.427 703.18 702.948 702.773 702.52 702.182 701.829 701.465 701.191 700.961 700.771 700.315 699.824 699.38 699.062 698.862 698.696 698.544 698.36 698.145 697.9 697.751 697.636 697.64 697.593 697.467 697.295 697.262 697.639 697.985 698.271 698.607 698.916 699.194 699.17 699.014 698.799 698.394 697.752 697.132 696.521 695.874 695.512 695.287 695.656 696.225 696.904 697.571 698.008 698.341 698.579 698.612 698.722 698.912 699.336 699.756 700.191 700.467 700.646 700.811 700.801 700.306 699.805 699.315 698.801 698.354 697.974 697.866 697.784
703.712 703.86 704.044 703.832 703.622 703.427 703.18 702.948 702.773 702.52 702.182 701.829 701.465 701.191 700.961 700.771 700.315 699.824 699.38 699.062 698.862 698.696 698.544 698.36 698.145 697.9 697.751 697.636 697.64 697.593 697.467 697.295 697.262 697.639 697.985 698.271 698.607 698.916 699.194 699.17 699.014 698.799 698.394 697.752 697.132 696.521 695.874 695.512 695.287 695.656 696.225 696.904 697.571 698.008 698.341 698.579 698.612 698.722 698.912 699.336 699.756 700.191 700.467 700.646 700.811 700.801 700.306 699.805 699.315 698.801 698.354 697.974 697.866 697.784
703.712 703.86 704.044 703.832 703.622 703.427 703.18 702.948 702.773 702.52 702.182 701.829 701.465 701.191 700.961 700.771 700.315 699.824 699.38 699.062 698.862 698.696 698.544 698.36 698.145 697.9 697.751 697.636 697.64 697.593 697.467 697.295 697.262 697.639 697.985 698.271 698.607 698.916 699.194 699.17 699.014 698.799 698.394 697.752 697.132 696.521 695.874 695.512 695.287 695.656 696.225 696.904 697.571 698.008 698.341 698.579 698.612 698.722 698.912 699.336 699.756 700.191 700.467 700.646 700.811 700.801 700.306 699.805 699.315 698.801 698.354 697.974 697.866 697.784
703.712 703.86 704.044 703.832 703.622 703.427 703.18 702.948 702.773 702.52 702.182 701.829 701.465 701.191 700.961 700.771 700.315 699.824 699.38 699.062 698.862 698.696 698.544 698.36 698.145 697.9 697.751 697.636 697.64 697.593 697.467 697.295 697.262 697.639 697.985 698.271 698.607 698.916 699.194 699.17 699.014 698.799 698.394 697.752 697.132 696.521 695.874 695.512 695.287 695.656 696.225 696.904 697.571 698.008 698.341 698.579 698.612 698.722 698.912 699.336 699.756 700.191 700.467 700.646 700.811 700.801 700.306 699.805 699.315 698.801 698.354 697.974 697.866 697.784
703.712 703.86 704.044 703.832 703.622 703.427 703.18 702.948 702.773 702.52 702.182 701.829 701.465 701.191 700.961 700.771 700.315 699.824 699.38 699.062 698.862 698.696 698.544 698.36 698.145 697.9 697.751 697.636 697.64 697.593 697.467 697.295 697.262 697.639 697.985 698.271 698.607 698.916 699.194 699.17 699.014 698.799 698.394 697.752 697.132 696.521 695.874 695.512 695.287 695.656 696.225 696.904 697.571 698.008 698.341 698.579 698.612 698.722 698.912 699.336 699.756 700.191 700.467 700.646 700.811 700.801 700.306 699.805 699.315 698.801 698.354 697.974 697.866 697.784
703.712 703.86 704.044 703.832 703.622 703.427 703.18 702.948 702.773 702.52 702.182 701.829 701.465 701.191 700.961 700.771 700.315 699.824 699.38 699.062 698.862 698.696 698.544 698.36 698.145 697.9 697.751 697.636 697.64 697.593 697.467 697.295 697.262 697.639 697.985 698.271 698.607 698.916 699.194 699.17 699.014 698.799 698.394 697.752 697.132 696.521 695.874 695.512 695.287 695.656 696.225 696.904 697.571 698.008 698.341 698.579 698.612 698.722 698.912 699.336 699.756 700.191 700.467 700.646 700.811 700.801 700.306 699.805 699.315 698.801 698.354 697.974 697.866 697.784
703.712 703.86 704.044 703.832 703.622 703.427 703.18 702.948 702.773 702.52 702.182 701.829 701.465 701.191 700.961 700.771 700.315 699.824 699.38 699.062 698.862 698.696 698.544 698.36 698.145 697.9 697.751 697.636 697.64 697.593 697.467 697.295 697.262 697.639 697.985 698.271 698.607 698.916 699.194 699.17 699.014 698.799 698.394 697.752 697.132 696.521 695.874 695.512 695.287 695.656 696.225 696.904 697.571 698.008 698.341 698.579 698.612 698.722 698.912 699.336 699.756 700.191 700.467 700.646 700.811 700.801 700.306 699.805 699.315 698.801 698.354 697.974 697.866 697.784
703.712 703.86 704.044 703.832 703.622 703.427 703.18 702.948 702.773 702.52 702.182 701.829 701.465 701.191 700.961 700.771 700.315 699.824 699.38 699.062 698.862 698.696 698.544 698.36 698.145 697.9 697.751 697.636 697.64 697.593 697.467 697.295 697.262 697.639 697.985 698.271 698.607 698.916 699.194 699.17 699.014 698.799 698.394 697.752 697.132 696.521 695.874 695.512 695.287 695.656 696.225 696.904 697.571 698.008 698.341 698.579 698.612 698.722 698.912 699.336 699.756 700.191 700.467 700.646 700.811 700.801 700.306 699.805 699.315 698.801 698.354 697.974 697.866 697.784
703.712 703.86 704.044 703.832 703.622 703.427 703.18 702.948 702.773 702.52 702.182 701.829 701.465 701.191 700.961 700.771 700.315 699.824 699.38 699.062 698.862 698.696 698.544 698.36 698.145 697.9 697.751 697.636 697.64 697.593 697.467 697.295 697.262 697.639 697.985 698.271 698.607 698.916 699.194 699.17 699.014 698.799 698.394 697.752 697.132 696.521 695.874 695.512 695.287 695.656 696.225 696.904 697.571 698.008 698.341 698.579 698.612 698.722 698.912 699.336 699.756 700.191 700.467 700.646 700.811 700.801 700.306 699.805 699.315 698.801 698.354 697.974 697.866 697.784
703.712 703.86 704.044 703.832 703.622 703.427 703.18 702.948 702.773 702.52 702.182 701.829 701.465 701.191 700.961 700.771 700.315 699.824 699.38 699.062 698.862 698.696 698.544 698.36 698.145 697.9 697.751 697.636 697.64 697.593 697.467 697.295 697.262 697.639 697.985 698.271 698.607 698.916 699.194 699.17 699.014 698.799 698.394 697.752 697.132 696.521 695.874 695.512 695.287 695.656 696.225 696.904 697.571 698.008 698.341 698.579 698.612 698.722 698.912 699.336 699.756 700.191 700.467 700.646 700.811 700.801 700.306 699.805 699.315 698.801 698.354 697.974 697.866 697.784
703.712 703.86 704.044 703.832 703.622 703.427 703.18 702.948 702.773 702.52 702.182 701.829 701.465 701.191 700.961 700.771 700.315 699.824 699.38 699.062 698.862 698.696 698.544 698.36 698.145 697.9 697.751 697.636 697.64 697.593 697.467 697.295 697.262 697.639 697.985 698.271 698.607 698.916 699.194 699.17 699.014 698.799 698.394 697.752 697.132 696.521 695.874 695.512 695.287 695.656 696.225 696.904 697.571 698.008 698.341 698.579 698.612 698.722 698.912 699.336 699.756 700.191 700.467 700.646 700.811 700.801 700.306 699.805 699.315 698.801 698.354 697.974 697.866 697.784
703.712 703.86 704.044 703.832 703.622 703.427 703.18 702.948 702.773 702.52 702.182 701.829 701.465 701.191 700.961 700.771 700.315 699.824 699.38 699.062 698.862 698.696 698.544 698.36 698.145 697.9 697.751 697.636 697.64 697.593 697.467 697.295 697.262 697.639 697.985 698.271 698.607 698.916 699.194 699.17 699.014 698.799 698.394 697.752 697.132 696.521 695.874 695.512 695.287 695.656 696.225 696.904 697.571 698.008 698.341 698.579 698.612 698.722 698.912 699.336 699.756 700.191 700.467 700.646 700.811 700.801 700.306 699.805 699.315 698.801 698.354 697.974 697.866 697.784
703.712 703.86 704.044 703.832 703.622 703.427 703.18 702.948 702.773 702.52 702.182 701.829 701.465 701.191 700.961 700.771 700.315 699.824 699.38 699.062 698.862 698.696 698.544 698.36 698.145 697.9 697.751 697.636 697.64 697.593 697.467 697.295 697.262 697.639 697.985 698.271 698.607 698.916 699.194 699.17 699.014 698.799 698.394 697.752 697.132 696.521 695.874 695.512 695.287 695.656 696.225 696.904 697.571 698.008 698.341 698.579 698.612 698.722 698.912 699.336 699.756 700.191 700.467 700.646 700.811 700.801 700.306 699.805 699.315 698.801 698.354 697.974 697.866 697.784
703.712 703.86 704.044 703.832 703.622 703.427 703.18 702.948 702.773 702.52 702.182 701.829 701.465 701.191 700.961 700.771 700.315 699.824 699.38 699.062 698.862 698.696 698.544 698.36 698.145 697.9 697.751 697.636 697.64 697.593 697.467 697.295 697.262 697.639 697.985 698.271 698.607 698.916 699.194 699.17 699.014 698.799 698.394 697.752 697.132 696.521 695.874 695.512 695.287 695.656 696.225 696.904 697.571 698.008 698.341 698.579 698.612 698.722 698.912 699.336 699.756 700.191 700.467 700.646 700.811 700.801 700.306 699.805 699.315 698.801 698.354 697.974 697.866 697.784
703.712 703.86 704.044 703.832 703.622 703.427 703.18 702.948 702.773 702.52 702.182 701.829 701.465 701.191 700.961 700.771 700.315 699.824 699.38 699.062 698.862 698.696 698.544 698.36 698.145 697.9 697.751 697.636 697.64 697.593 697.467 697.295 697.262 697.639 697.985 698.271 698.607 698.916 699.194 699.17 699.014 698.799 698.394 697.752 697.132 696.521 695.874 695.512 695.287 695.656 696.225 696.904 697.571 698.008 698.341 698.579 698.612 698.722 698.912 699.336 699.756 700.191 700.467 700.646 700.811 700.801 700.306 699.805 699.315 698.801 698.354 697.974 697.866 697.784
703.712 703.86 704.044 703.832 703.622 703.427 703.18 702.948 702.773 702.52 702.182 701.829 701.465 701.191 700.961 700.771 700.315 699.824 699.38 699.062 698.862 698.696 698.544 698.36 698.145 697.9 697.751 697.636 697.64 697.593 697.467 697.295 697.262 697.639 697.985 698.271 698.607 698.916 699.194 699.17 699.014 698.799 698.394 697.752 697.132 696.521 695.874 695.512 695.287 695.656 696.225 696.904 697.571 698.008 698.341 698.579 698.612 698.722 698.912 699.336 699.756 700.191 700.467 700.646 700.811 700.801 700.306 699.805 699.315 698.801 698.354 697.974 697.866 697.784
703.712 703.86 704.044 703.832 703.622 703.427 703.18 702.948 702.773 702.52 702.182 701.829 701.465 701.191 700.961 700.771 700.315 699.824 699.38 699.062 698.862 698.696 698.544 698.36 698.145 697.9 697.751 697.636 697.64 697.593 697.467 697.295 697.262 697.639 697.985 698.271 698.607 698.916 699.194 699.17 699.014 698.799 698.394 697.752 697.132 696.521 695.874 695.512 695.287 695.656 696.225 696.904 697.571 698.008 698.341 698.579 698.612 698.722 698.912 699.336 699.756 700.191 700.467 700.646 700.811 700.801 700.306 699.805 699.315 698.801 698.354 697.974 697.866 697.784
703.712 703.86 704.044 703.832 703.622 703.427 703.18 702.948 702.773 702.52 702.182 701.829 701.465 701.191 700.961 700.771 700.315 699.824 699.38 699.062 698.862 698.696 698.544 698.36 698.145 697.9 697.751 697.636 697.64 697.593 697.467 697.295 697.262 697.639 697.985 698.271 698.607 698.916 699.194 699.17 699.014 698.799 698.394 697.752 697.132 696.521 695.874 695.512 695.287 695.656 696.225 696.904 697.571 698.008 698.341 698.579 698.612 698.722 698.912 699.336 699.756 700.191 700.467 700.646 700.811 700.801 700.306 699.805 699.315 698.801 698.354 697.974 697.866 697.784
703.712 703.86 704.044 703.832 703.622 703.427 703.18 702.948 702.773 702.52 702.182 701.829 701.465 701.191 700.961 700.771 700.315 699.824 699.38 699.062 698.862 698.696 698.544 698.36 698.145 697.9 697.751 697.636 697.64 697.593 697.467 697.295 697.262 697.639 697.985 698.271 698.607 698.916 699.194 699.17 699.014 698.799 698.394 697.752 697.132 696.521 695.874 695.512 695.287 695.656 696.225 696.904 697.571 698.008 698.341 698.579 698.612 698.722 698.912 699.336 699.756 700.191 700.467 700.646 700.811 700.801 700.306 699.805 699.315 698.801 698.354 697.974 697.866 697.784
703.712 703.86 704.044 703.832 703.622 703.427 703.18 702.948 702.773 702.52 702.182 701.829 701.465 701.191 700.961 700.771 700.315 699.824 699.38 699.062 698.862 698.696 698.544 698.36 698.145 697.9 697.751 697.636 697.64 697.593 697.467 697.295 697.262 697.639 697.985 698.271 698.607 698.916 699.194 699.17 699.014 698.799 698.394 697.752 697.132 696.521 695.874 695.512 695.287 695.656 696.225 696.904 697.571 698.008 698.341 698.579 698.612 698.722 698.912 699.336 699.756 700.191 700.467 700.646 700.811 700.801 700.306 699.805 699.315 698.801 698.354 697.974 697.866 697.784
